.Random.seed <-
c(403L, 210L, -1703707781L, 1994959178L, 434562476L, -1277611857L, 
-1105401243L, 1020654108L, 526650482L, -1538305299L, 1904803623L, 
77232974L, 1509946280L, 775731115L, 1760421065L, 1298879704L, 
1359038854L, 1246584929L, 1500049907L, 1495924834L, 1912297172L, 
961261527L, 1972542925L, -986220188L, -1816933046L, 369511605L, 
-1973773297L, -994167530L, -691081280L, -324899965L, 1687398817L, 
1123030416L, -257374610L, -941219815L, -1392386901L, 1108557978L, 
-2138447780L, -2135675553L, 1861789493L, -52831540L, -1813030878L, 
1765929597L, 1145083767L, -1669158754L, -494160040L, 337347259L, 
-1587016615L, 252245992L, -102120938L, -154958447L, -1071251901L, 
1260203346L, 1473876452L, 1864208423L, -1394434947L, 221929844L, 
573320538L, 60820389L, 2051087295L, -2001303482L, 1091765968L, 
-1095921421L, -197720559L, 1430454336L, -436288482L, 438956777L, 
1130383387L, 964411434L, 719848268L, 224416015L, -1647319995L, 
-1739971076L, 1086112850L, -2012805683L, -916523129L, -498146706L, 
-1487605176L, -1346198453L, 1997510057L, -2115114760L, 1229868070L, 
311561537L, -1852466477L, -614661502L, 1435183284L, 1701586999L, 
369793837L, -1137651644L, 1716518250L, -1301689899L, -845586577L, 
937797238L, 978315680L, 1328623203L, -1823254783L, -1296152976L, 
-846994930L, -1037407623L, 1253438987L, -264460486L, -1667498436L, 
-337926785L, -1514666283L, 1754646252L, 1668634690L, -272236643L, 
-2016580073L, 1828959102L, -1828208328L, -864637413L, 1109634937L, 
626088392L, -584800778L, 924461105L, 550781539L, -1204584910L, 
-2031555708L, -354465337L, -631103331L, -34162668L, -2593094L, 
-941547771L, -665269025L, 1320287590L, -242845456L, -1046365165L, 
-1668107855L, -504845216L, -1048475138L, 941477257L, 1304021691L, 
-1027975542L, 1933443436L, -177596689L, -1088286427L, -1287508004L, 
-1430717006L, -668971859L, -742003609L, 1110799246L, 36721768L, 
797151339L, -102721015L, 1245029528L, 512751558L, 176605985L, 
1528874931L, 1336913698L, 1383072020L, 486912407L, -1553436275L, 
-47794012L, 841470602L, 204572917L, -1984069809L, -2007619498L, 
1710347008L, 1682966083L, 1496882657L, -1067620016L, -392601682L, 
2027017561L, 1684747115L, 1763046106L, 1645880220L, -2137415777L, 
1821418997L, 1699973260L, -50886302L, -1931147971L, -837597769L, 
-787377570L, -1722125416L, -979526917L, -877227367L, -1360930008L, 
1352337878L, -11798959L, -1294502653L, -1398216558L, -45752796L, 
-1270529817L, 843093309L, -976604748L, 1683525146L, 269020517L, 
2146767871L, -1600900474L, -147344880L, 710690995L, 324944721L, 
1998925568L, -1342439970L, -894777815L, 364637659L, -2045594902L, 
-1979932532L, 180080591L, 1288963973L, 1187423292L, 1783645458L, 
1447383565L, -1960236729L, 826161966L, -177645944L, 1215979403L, 
1417547625L, 2129396024L, -1867727898L, -1531171967L, 1736672019L, 
610086082L, -470841484L, -812110985L, 2089184365L, 1750139652L, 
1446140458L, 2074949525L, -1169818577L, -310356682L, 1044798816L, 
524327843L, -927548223L, 1421180080L, 396254158L, -202293447L, 
-895328437L, 720727290L, 667383292L, -413144558L, -23339136L, 
1453642516L, 1632938280L, -1744244678L, -1206668336L, 225216108L, 
1421853236L, 1691387538L, -768709280L, 209879372L, -1340435488L, 
1518395810L, -73588312L, 901578380L, -1778072132L, 1096385138L, 
-707085328L, 175778372L, -690548648L, 1026901050L, 1380834416L, 
-504265668L, -1454691052L, -917491006L, 881714912L, -1123029892L, 
1876316880L, 919691682L, -1872890840L, -113035508L, 1081791932L, 
-457406670L, -554045760L, -793946060L, 445673160L, 1750685882L, 
747864720L, -351729940L, -1840176556L, 791166610L, 954184992L, 
-968819252L, -1724182816L, -1968718654L, -941421528L, -786791508L, 
1226254012L, -1626064910L, -640097744L, 890305444L, -906332744L, 
-1008822438L, -16893808L, 889612156L, -1502612204L, 591589698L, 
2008104192L, 66765244L, 476319056L, -1572194014L, -771784120L, 
-951587828L, -1639890340L, 623932882L, -1621172736L, 1921323348L, 
-13478680L, -708798214L, 2067333840L, 857689900L, 1652927732L, 
-1416428142L, 2097985888L, -459470836L, 847038688L, 454780514L, 
135712936L, 818767948L, -1864550532L, -726684366L, 503553648L, 
1759905604L, -676721704L, 1931431802L, 1201804336L, 604528572L, 
1914255956L, -1988009918L, -1356728672L, 1110870716L, -1872668720L, 
-1282205342L, 1743403752L, -445295412L, 280553980L, 415547890L, 
1431199872L, -2128822796L, 1968798344L, -451897542L, -1714845360L, 
1058621548L, 960759188L, -1285997486L, -1053597216L, -832421684L, 
1722313376L, 1496015234L, -606956312L, -482477332L, -1926373060L, 
1275264114L, 748019312L, -1657788892L, 796536888L, -1981606630L, 
122204368L, -417448644L, 1652367252L, -670341246L, -1180057664L, 
-2082623940L, 211177872L, -1757068254L, 270205192L, -288287604L, 
-1175739620L, 1578467474L, 290886016L, 2044808212L, 895125288L, 
-1818546630L, 501318096L, -908914324L, 1148784564L, -1946016238L, 
-108538912L, 1354347980L, -1945623328L, -6825950L, -314949848L, 
1793984012L, -823026884L, 1706269682L, -1521077520L, 1443381828L, 
-1224346024L, -358457542L, 1842592752L, 1744146108L, -782127852L, 
-964734782L, 2066326624L, 697102716L, -1071095856L, 27830562L, 
1807679144L, -152337524L, -1298963268L, 300304178L, -1248136640L, 
603655348L, 1179575368L, 35463610L, -2029859312L, -231167764L, 
399352148L, -412672238L, 1030935968L, -1552323892L, 1932371552L, 
-1449467966L, 1563163432L, 1620301228L, 1619523900L, -634689678L, 
1151064368L, -1896722652L, 538045752L, 1333537498L, 1133111184L, 
785330940L, -1509970028L, 94033986L, 1023884544L, -1342245828L, 
-1531079344L, 2129348770L, -106596536L, -621637876L, 899017436L, 
471554898L, 177873536L, -1878767532L, -884075544L, 1118136058L, 
-1410100912L, 277998380L, -563982476L, -1752224878L, -908288416L, 
-730562676L, -117316768L, 1401815010L, -1778573400L, -904485684L, 
1149144572L, 1193239474L, -1996713488L, -1074974268L, 515088728L, 
1973585274L, -366845520L, 1215311804L, -228376492L, -1272085566L, 
747805728L, 560602300L, -1309883824L, -1868249118L, -7491992L, 
274610764L, 1903829244L, -1378856974L, -2112613120L, 1196756852L, 
1046109221L, -2077554385L, -1633833240L, 2017147846L, 448593523L, 
-1300533035L, -1095476558L, 517722752L, -898190743L, -1514912037L, 
-1813859796L, -2076497350L, -1396460305L, -1684215943L, -740189170L, 
-1279168036L, -1517591987L, -82570825L, -149393600L, -1691773410L, 
-1009458965L, 234197101L, 1987467482L, -1260832616L, 1053286145L, 
2130273459L, 674942932L, 781581026L, -181146761L, -53446975L, 
1068183110L, 1499672964L, 1933487925L, -1720840929L, 1723278456L, 
697606486L, -1739411485L, 626727333L, 314264642L, -55381456L, 
-666469799L, 775244747L, 390290492L, -1999592854L, 766058655L, 
-1604990679L, 307232190L, 1719381164L, 14801405L, -866197177L, 
-504587728L, -1525834930L, 1383399291L, -158005027L, -1281867510L, 
-511101912L, -157382511L, 1779833987L, -939651708L, 1046170546L, 
1365619975L, -310341807L, 751804118L, -1564842060L, -2016745531L, 
-1339271409L, -1288624760L, -627101530L, 318201939L, 1290308021L, 
-2007875822L, 520996064L, 1761864009L, 213832571L, 952692300L, 
767508442L, -660128305L, 911281049L, -921117778L, -1648492356L, 
2007988525L, 1419078359L, -400829664L, -202333058L, -853022133L, 
791623757L, -1379199366L, 974094008L, 818478177L, -11031021L, 
-758701004L, -1858180542L, 1181556311L, 658019745L, 1989932646L, 
723179108L, -59517547L, 130197183L, 522124888L, 281815670L, 45409923L, 
-1371137339L, -1172486174L, 1652150864L, 644822905L, -1198584661L, 
768713756L, 973009738L, -667421889L, -342647415L, 14296478L, 
-2026349492L, -1099092451L, 769172391L, 2087724752L, 472447086L, 
1160212251L, 1633874045L, 199040618L, 1550958344L, 904093617L, 
-1106798557L, 2089445668L, 1205460434L, 1801018919L, 2031052913L, 
1878343350L, -1013935532L, -2140000539L, 644090607L, -1070340568L, 
1236406918L, 554970291L, 804205077L, 410014834L, 646516928L, 
1583121705L, -11347045L, -617608084L, -465063814L, 1077983663L, 
-1122733895L, -313023794L, -352223204L, -780307571L, -1214009865L, 
